,cM10a,cM12a,cM19a,cM20a,cM2a,cM34a,cM35a,cM3a,cM41a,cM42a,cM42b,cM44b,cM59a,cM59b,cM5a,cM7b,cM8a,cM9b,cS100a,cS103a,cS104a,cS107a,cS108a,cS109a,cS10a,cS113a,cS115a,cS116a,cS11a,cS129a,cS132a,cS142a,cS153a,cS157a,cS15a,cS162a,cS164a,cS165a,cS168a,cS172a,cS178a,cS184a,cS27b,cS28a,cS30a,cS33a,cS35a,cS37a,cS39c,cS45a,cS46a,cS4a,cS51a,cS53a,cS58a,cS60a,cS61a,cS63a,cS65a,cS66a,cS68a,cS6a,cS71a,cS71b,cS72c,cS76a,cS80a,cS83a,cS86a,cS86b,cS87a,cS88a,cS8b,cS91a,cS97a,cS99a,fM10a,fM16a,fM19a,fM21a,fM23b,fM24a,fM27b,fM29a,fM30a,fM31a,fM35a,fM40a,fM41b,fM48a,fM51a,fM54a,fM59a,fM60a,fS100a,fS101a,fS102a,fS10a,fS111a,fS117a,fS11a,fS121a,fS122a,fS128a,fS12a,fS133b,fS139a,fS13a,fS143a,fS144a,fS146a,fS148a,fS149a,fS14a,fS155a,fS157a,fS158a,fS159a,fS165a,fS170a,fS171a,fS174a,fS177a,fS190a,fS191a,fS24a,fS25a,fS34a,fS35a,fS37a,fS39a,fS41a,fS42a,fS46a,fS4a,fS50a,fS54a,fS56a,fS58a,fS62a,fS63b,fS64a,fS6a,fS70a,fS72b,fS73a,fS74a,fS79a,fS80a,fS81a,fS83a,fS84a,fS85a,fS86a,fS92a,fS93a,fS95a,fS97a,fS99a
cM10a,100.0,98.352112,98.364723,98.356117,98.368645,98.284531,96.649178,98.353973,97.071579,97.0355,98.240822,98.366806,98.339584,98.382408,98.381325,98.344116,98.268356,98.238235,98.458817,96.858383,96.814896,99.499924,98.991058,98.984207,98.318634,98.30719,99.525116,97.169754,98.298218,99.048111,97.331772,98.98941,97.069412,98.956085,96.885986,97.275108,98.981049,97.166595,96.746773,97.299911,97.256912,99.483093,99.507172,98.333038,99.521049,99.510422,96.763512,98.963684,98.600945,96.746124,98.136017,98.285667,97.290924,96.79216,98.425591,98.567131,96.811523,96.80896,98.556686,98.54464,98.530655,98.96315,98.430161,98.098877,97.224762,98.564285,96.765656,97.294868,96.787605,96.730118,98.298561,98.314888,98.980598,96.746063,98.960175,98.283722,98.375397,97.268799,99.469673,98.330414,98.368225,98.384018,98.333931,98.811249,97.105942,98.187271,99.522568,96.827415,96.788467,99.451691,99.462059,98.363426,98.321045,98.329636,98.240555,97.019745,97.021156,97.184952,98.130852,96.872116,97.200836,98.901001,97.228081,97.24128,97.16893,99.003616,98.155434,97.171936,98.867905,98.921646,98.894241,98.21907,98.202637,98.286896,98.250359,98.958817,98.262985,98.253578,98.937553,98.950134,98.926292,98.272888,98.268234,98.306564,99.628525,98.930069,98.249275,98.892899,98.096985,97.175865,97.195511,97.160484,98.175461,97.201569,98.884819,99.643661,99.60881,99.490692,98.933868,97.184708,97.187302,97.191551,98.201767,98.891754,99.629753,99.618042,97.206848,99.64949,98.284134,99.629471,96.883896,99.458862,96.801804,96.780426,96.847488,97.165054,98.270241,97.175385,97.209053
cM12a,98.352112,100.0,99.981659,99.989777,99.989929,98.9963,96.745377,99.992668,97.070442,97.058792,99.000359,99.990112,99.042358,99.980492,99.989716,99.971855,98.997902,99.010437,99.14978,96.827614,96.779434,98.418304,98.472687,98.46225,99.027206,98.758759,98.413025,97.229095,99.052475,98.481644,97.261322,98.44072,97.164093,98.469315,96.807823,97.249985,98.485474,97.182037,96.830429,97.27243,97.243332,98.399277,98.414368,99.992447,98.403656,98.405685,96.851135,98.487091,98.861649,96.834457,99.053947,98.862747,97.266739,96.763184,99.115944,98.885277,96.819931,96.812691,98.877129,98.878487,98.88089,98.439835,99.136246,99.080933,97.242188,98.877747,96.816185,97.258026,96.751968,96.694901,99.942047,99.96682,98.438873,96.823029,98.426796,98.757988,99.081963,97.244339,98.412338,99.072586,99.992218,98.837387,99.056618,98.374916,97.230255,98.678566,98.401207,96.840942,96.859055,98.422607,98.395523,99.989349,99.057274,99.039856,99.0634,97.212357,97.137222,97.183281,98.698318,96.79641,97.213013,98.43248,97.190971,97.200073,97.212311,98.498016,99.002289,97.188171,98.451279,98.458176,98.415359,98.682777,99.008392,99.048065,98.934311,98.441856,99.014969,99.009819,98.440811,98.452179,98.426224,99.072067,99.041817,99.099525,98.41803,98.456734,99.042114,98.46936,98.645737,97.203621,97.193542,97.221512,98.696678,97.187668,98.428925,98.405396,98.407883,98.354523,98.450958,97.195381,97.189163,97.21109,99.042313,98.445389,98.428772,98.411217,97.214584,98.437714,99.05024,98.411758,96.709961,98.370338,96.776886,96.779572,96.838028,97.201752,99.049278,97.19371,97.213196
cM19a,98.364723,99.981659,100.0,99.992958,99.991104,98.979889,96.731049,99.988403,97.088562,97.0765,98.978638,99.989075,99.015533,99.970741,99.980423,99.993813,98.998032,99.005798,99.125107,96.830338,96.751289,98.456253,98.476746,98.466827,98.988571,98.702255,98.439804,97.225128,99.02739,98.485596,97.238876,98.417923,97.142006,98.425774,96.795822,97.255722,98.48703,97.182228,96.789909,97.247726,97.258522,98.420197,98.426651,99.991882,98.42411,98.436058,96.79924,98.467422,98.850998,96.748177,99.025391,98.84256,97.234161,96.786606,99.110474,98.855942,96.789368,96.811676,98.841835,98.866318,98.845062,98.408066,99.11013,99.047531,97.264465,98.852242,96.776993,97.249199,96.760284,96.669724,99.953667,99.966507,98.406128,96.779076,98.403152,98.721107,99.024017,97.247833,98.424484,99.022949,99.977966,98.844429,99.069763,98.374817,97.239738,98.681862,98.403427,96.810188,96.809753,98.443069,98.402077,99.974365,99.065445,99.080597,99.009918,97.171181,97.174179,97.195404,98.698776,96.807686,97.186096,98.409294,97.212608,97.161652,97.186752,98.513962,98.981735,97.169571,98.43174,98.405945,98.389328,98.632645,98.988411,99.031647,98.882263,98.428162,99.010666,99.010773,98.421692,98.434097,98.402863,99.031662,99.026489,99.101303,98.374542,98.459091,99.006439,98.418869,98.644806,97.197693,97.170624,97.204742,98.674767,97.174652,98.409714,98.37262,98.376678,98.378342,98.429955,97.184517,97.176743,97.214752,99.008339,98.413452,98.391968,98.383743,97.172981,98.398453,99.010689,98.372803,96.704285,98.370956,96.732819,96.72905,96.829544,97.163155,99.032936,97.172607,97.168015
cM20a,98.356117,99.989777,99.992958,100.0,99.992889,98.950768,96.721283,99.994041,97.058868,97.041077,98.95047,99.994904,98.996918,99.988739,99.990265,99.980919,98.961182,98.957901,99.082085,96.822906,96.777275,98.414101,98.418533,98.418961,98.971512,98.692146,98.419975,97.239578,98.992393,98.443161,97.215836,98.407738,97.098419,98.420517,96.778542,97.234253,98.440186,97.204071,96.788727,97.236465,97.214767,98.40406,98.443573,99.985374,98.399773,98.413628,96.790588,98.457428,98.801811,96.789627,99.059547,98.827042,97.216171,96.783005,99.086937,98.847321,96.800995,96.850403,98.831116,98.825905,98.830521,98.394867,99.08374,99.060181,97.21376,98.795593,96.781242,97.241028,96.681549,96.668945,99.940689,99.967529,98.428406,96.786377,98.388023,98.667015,99.011269,97.202606,98.396515,99.008842,99.975677,98.822113,99.037659,98.281975,97.351242,98.644348,98.393211,96.803314,96.810867,98.41423,98.402527,99.976456,99.032448,99.08654,98.97406,97.05513,97.161011,97.160477,98.668518,96.790192,97.151146,98.373459,97.146507,97.236748,97.12645,98.513397,98.938293,97.124069,98.365845,98.409225,98.369171,98.608437,98.94149,98.978531,98.863197,98.39949,98.980484,98.95784,98.384018,98.403992,98.360672,99.004745,98.969513,99.07254,98.371956,98.430634,98.988976,98.406494,98.594635,97.130791,97.13829,97.153778,98.622711,97.145233,98.376953,98.351868,98.36586,98.337723,98.398788,97.130554,97.144279,97.154953,98.930878,98.394119,98.374695,98.343193,97.14637,98.368561,98.99279,98.358398,96.684898,98.356049,96.739822,96.731033,96.85643,97.143547,99.011597,97.133347,97.138641
cM2a,98.368645,99.989929,99.991104,99.992889,100.0,98.966492,96.726028,99.996155,97.057663,97.027359,98.955048,99.993538,98.991226,99.985542,99.988815,99.982239,98.982346,99.003105,99.107208,96.846283,96.775955,98.439575,98.46907,98.466927,99.002647,98.711319,98.436523,97.223572,99.018204,98.489662,97.204391,98.388824,97.118515,98.418655,96.818726,97.206696,98.478287,97.178253,96.810959,97.209885,97.199539,98.409492,98.417755,99.994034,98.410782,98.435211,96.802139,98.469093,98.843094,96.797516,99.058052,98.832886,97.184669,96.786957,99.10997,98.848907,96.80323,96.833603,98.84127,98.855957,98.843307,98.387901,99.105728,99.057739,97.189049,98.843048,96.793121,97.227409,96.741386,96.674561,99.95015,99.974274,98.397583,96.788116,98.388725,98.704071,99.043564,97.201248,98.43502,99.008995,99.977798,98.868202,99.055466,98.329834,97.258354,98.667114,98.388367,96.801285,96.819214,98.402222,98.404633,99.9758,99.050308,99.070175,99.001617,97.200706,97.166061,97.168228,98.697403,96.808006,97.149757,98.396614,97.15976,97.105988,97.15358,98.518631,98.975769,97.119301,98.411697,98.398354,98.413742,98.645622,98.971794,98.990906,98.868988,98.443085,99.011391,98.976357,98.400909,98.422752,98.394135,99.026108,98.97374,99.107407,98.367661,98.47113,98.984375,98.412216,98.627075,97.14859,97.167442,97.158966,98.680832,97.172279,98.386063,98.343994,98.356644,98.353363,98.424026,97.132217,97.129326,97.154144,98.980103,98.411163,98.36171,98.352051,97.168167,98.355835,98.985344,98.370934,96.727776,98.349823,96.75,96.774139,96.864182,97.127182,99.005707,97.122742,97.157181
cM34a,98.284531,98.9963,98.979889,98.950768,98.966492,100.0,96.525131,98.962181,97.014008,97.071075,99.994751,98.977203,99.187729,98.994926,98.917572,98.972305,99.99649,99.993797,99.163475,96.747986,96.698997,98.271339,98.232964,98.219437,99.164803,98.662766,98.282959,97.100464,99.118408,98.281342,96.961349,98.184105,96.997063,98.143745,96.745773,97.007782,98.216278,97.123055,96.632828,96.979958,96.983513,98.283127,98.259048,98.961502,98.290054,98.283012,96.698051,98.250854,98.880646,96.70108,98.566086,98.471436,96.996574,96.671753,99.142929,98.823181,96.688278,96.702774,98.828003,98.814377,98.795242,98.18084,99.143791,98.64959,96.994431,98.909172,96.610008,96.991386,96.598724,96.643021,98.972298,98.977448,98.18866,96.625305,98.238785,98.650208,99.190506,96.958229,98.269989,99.173767,98.985519,98.729736,99.165398,98.210861,97.115356,98.833405,98.274734,96.698685,96.717873,98.266296,98.238693,98.992783,99.14801,99.14846,98.737724,96.725952,96.866562,97.069992,98.676552,96.740479,97.071411,98.263977,97.048111,97.097488,97.051086,98.383102,99.057976,97.064911,98.243439,98.146088,98.18885,98.593033,99.05864,98.734833,98.751495,98.244629,99.993103,99.991486,98.275177,98.28009,98.282425,98.714386,98.739868,99.40477,98.16584,98.118362,98.689262,98.167404,98.766663,97.030258,97.055603,97.077675,98.74192,97.037743,98.164062,98.18058,98.175659,98.331543,98.289368,97.048424,97.078964,97.049561,99.015213,98.149452,98.174797,98.175385,97.013107,98.174202,98.76207,98.143219,96.73201,98.326508,96.732025,96.721085,96.720795,97.02018,98.714844,97.015526,97.039368
cM35a,96.649178,96.745377,96.731049,96.721283,96.726028,96.525131,100.0,96.728363,97.131767,97.16716,96.514343,96.731537,96.587448,96.765808,96.736618,96.709785,96.53257,96.52948,96.689728,98.390289,98.325455,96.644653,96.748604,96.713013,96.591858,96.59623,96.638474,97.206284,96.615112,96.703445,96.78997,96.564545,96.678482,96.570526,98.393089,96.81102,96.708115,97.176994,98.38736,96.780426,96.826584,96.65712,96.722809,96.689819,96.706253,96.724182,98.363846,96.682693,96.635071,98.464409,96.50238,96.61142,96.77478,98.352287,96.658134,96.647583,98.357544,98.345108,96.625664,96.636642,96.665649,96.557648,96.649162,96.562225,96.775635,96.652214,98.342331,96.80423,98.598862,98.350372,96.751236,96.727554,96.578537,98.408524,96.576965,96.579742,96.652252,96.796326,96.694794,96.639786,96.706039,96.752571,96.742958,96.590096,97.144798,96.736633,96.701187,98.494736,98.485092,96.660973,96.6707,96.744949,96.770096,96.682129,96.717728,96.533493,97.016586,96.630829,96.644653,98.379761,96.606476,96.664474,97.017426,96.770065,96.622826,96.701691,96.558472,96.649567,96.673798,96.507874,96.49794,96.646561,96.507217,96.756851,96.745834,96.568954,96.532181,96.519821,96.607529,96.579659,96.570526,96.766785,96.744972,96.66095,96.598648,96.579163,96.725067,96.502533,96.766457,96.672798,96.657227,96.658577,96.691162,96.651131,96.53656,96.627777,96.6035,96.666039,96.580681,96.662537,96.624359,96.667435,96.54335,96.536438,96.629219,96.628227,96.656433,96.619293,96.69873,96.598846,98.324554,96.710861,98.322182,98.317001,98.375519,96.681435,96.74205,96.605026,96.646378
cM3a,98.353973,99.992668,99.988403,99.994041,99.996155,98.962181,96.728363,100.0,97.02594,97.031036,98.949844,99.991379,98.997787,99.981369,99.98996,99.97673,98.965988,98.988266,99.088928,96.84166,96.762009,98.430664,98.466553,98.455475,98.990265,98.682137,98.438095,97.211929,99.025513,98.476547,97.207191,98.390068,97.070343,98.431183,96.807709,97.213081,98.474548,97.143616,96.821304,97.228828,97.209946,98.388931,98.394638,99.994904,98.419464,98.411766,96.811081,98.46756,98.832886,96.802826,99.04274,98.769852,97.1931,96.781387,99.094131,98.858948,96.811249,96.816879,98.844849,98.852356,98.852928,98.403664,99.083832,99.065567,97.21476,98.843124,96.787659,97.195435,96.751556,96.666534,99.944962,99.97123,98.40625,96.811691,98.381165,98.689331,99.026634,97.215889,98.447678,99.009964,99.977165,98.806168,99.04734,98.3629,97.259064,98.648605,98.371536,96.80896,96.823715,98.405128,98.372498,99.978256,99.032166,99.05574,98.991913,97.177994,97.160736,97.181488,98.676285,96.813461,97.174431,98.39608,97.145248,97.166489,97.165314,98.50248,98.967819,97.137733,98.424744,98.419144,98.389046,98.622559,98.974564,98.995148,98.861938,98.422348,98.989471,98.976654,98.409073,98.427734,98.392723,99.023392,98.997482,99.079819,98.364655,98.455406,98.98941,98.41214,98.627151,97.175507,97.175674,97.158585,98.645615,97.166199,98.385361,98.348358,98.336487,98.331123,98.423615,97.154778,97.177963,97.172447,98.977402,98.403458,98.364883,98.373383,97.18235,98.3685,99.000397,98.360352,96.681229,98.325676,96.741951,96.749023,96.859756,97.164421,98.99173,97.145889,97.173462
cM41a,97.071579,97.070442,97.088562,97.058868,97.057663,97.014008,97.131767,97.02594,100.0,99.995049,97.030716,97.059196,97.150284,97.059784,97.061569,97.07338,97.048615,97.036575,97.062851,97.273422,97.225082,97.066566,97.088257,97.079544,97.075089,97.119522,97.101143,98.2677,97.038116,97.118637,97.530136,97.032082,97.298553,97.005447,97.248573,97.528641,97.086304,98.253326,97.140671,97.503586,97.509903,97.054932,97.038155,97.060143,97.075317,97.055855,97.249329,97.098236,97.094872,97.213486,96.90126,97.021652,97.540451,97.250229,97.022049,97.077972,97.243713,97.240685,97.113678,97.089455,97.085091,97.028625,97.030052,96.923584,97.492676,97.094368,97.137573,97.509758,97.15062,97.297417,97.078285,97.054939,97.049835,97.145317,97.032349,97.097855,97.135422,97.554657,97.08577,97.093918,97.046875,97.134293,97.137909,97.088455,98.216888,97.198769,97.064095,97.210457,97.220253,97.074387,97.055679,97.059631,97.171722,97.136917,97.096802,97.070419,98.847748,97.415497,97.168755,97.280052,97.430298,97.075272,99.492249,97.58963,97.36911,97.132652,97.007187,97.406235,97.087151,97.00412,97.010406,97.202682,97.038849,97.113045,97.091743,97.077812,97.020477,97.001968,97.087883,97.043442,97.039215,97.08065,97.088058,97.047829,97.122849,97.023254,97.083755,96.999367,97.262482,97.419815,97.414612,97.399216,97.17408,97.415573,97.002876,97.125168,97.11451,97.139877,97.072342,97.42691,97.420105,97.420135,96.988083,97.013062,97.103012,97.10173,97.392288,97.078087,97.043518,97.086792,97.262192,97.124283,97.203285,97.240952,97.240036,97.382309,97.058838,97.418221,97.376816
cM42a,97.0355,97.058792,97.0765,97.041077,97.027359,97.071075,97.16716,97.031036,99.995049,100.0,97.079605,97.052536,97.1185,97.037193,97.044479,97.074783,97.069321,97.06974,97.076141,97.278152,97.255554,97.100311,97.119629,97.107109,97.072258,97.118866,97.148911,98.259293,97.074127,97.149719,97.561081,97.027802,97.251488,97.028297,97.27153,97.556244,97.111542,98.240494,97.17186,97.534302,97.518478,97.098999,97.072884,97.04483,97.096931,97.07238,97.252464,97.101944,97.109596,97.218422,96.893433,97.016792,97.543686,97.252625,97.048248,97.060455,97.274033,97.263626,97.096237,97.105469,97.080505,97.024139,97.051941,96.911636,97.488693,97.090317,97.182037,97.530624,97.152664,97.308655,97.033005,97.025925,97.031128,97.178436,97.010696,97.093689,97.114624,97.564926,97.090759,97.119797,97.03447,97.126678,97.127045,97.113983,98.203003,97.202927,97.084671,97.248001,97.234596,97.08403,97.061584,97.026245,97.15654,97.109558,97.089737,97.070221,98.830803,97.402557,97.124542,97.295395,97.433517,97.102783,99.505234,97.585152,97.38343,97.143532,97.002029,97.424454,97.075668,96.975113,96.995575,97.199989,97.008766,97.111763,97.119728,97.064606,97.081757,97.058151,97.087372,97.068558,97.048294,97.100967,97.087402,97.028137,97.126411,97.056313,97.115723,96.983643,97.242706,97.417831,97.403175,97.39045,97.16745,97.399048,96.974594,97.099754,97.106873,97.132637,97.062035,97.425934,97.42569,97.417603,97.00264,96.998596,97.104187,97.099197,97.380791,97.079041,97.082703,97.09314,97.260368,97.122307,97.245506,97.229568,97.25322,97.403183,97.095642,97.418304,97.369446
cM42b,98.240822,99.000359,98.978638,98.95047,98.955048,99.994751,96.514343,98.949844,97.030716,97.079605,100.0,98.969025,99.17482,98.986069,98.923172,98.978088,99.991241,99.996056,99.136169,96.7575,96.656029,98.283966,98.270729,98.254967,99.198669,98.674667,98.2855,97.123367,99.132446,98.306198,97.010948,98.189484,97.035553,98.166237,96.723526,97.036301,98.255226,97.137878,96.636307,97.011322,97.024498,98.269302,98.256218,98.956833,98.277481,98.289719,96.702454,98.291252,98.910126,96.696617,98.554764,98.462006,97.025986,96.690491,99.090317,98.834412,96.693542,96.695877,98.82135,98.793892,98.803879,98.203033,99.097031,98.596954,97.022095,98.917542,96.661034,97.01889,96.627342,96.652832,98.95446,98.955772,98.187897,96.62709,98.231827,98.634201,99.175041,97.011765,98.253876,99.195389,98.98027,98.726624,99.162117,98.201019,97.102737,98.827888,98.280273,96.708313,96.741959,98.247223,98.241028,98.997345,99.181328,99.133286,98.74968,96.729889,96.842728,97.063644,98.749336,96.742706,97.069054,98.217224,97.071915,97.15065,97.049377,98.355484,99.056839,97.072891,98.235123,98.162712,98.148941,98.615715,99.069511,98.74884,98.751198,98.230728,99.989151,99.991272,98.259933,98.233864,98.25045,98.726379,98.763138,99.394775,98.167686,98.147713,98.706223,98.196098,98.775879,97.07045,97.059242,97.072754,98.772675,97.066986,98.146744,98.138039,98.154266,98.316925,98.244354,97.068375,97.074272,97.076523,98.99987,98.143906,98.148773,98.150902,97.033836,98.156685,98.779175,98.138153,96.731674,98.318901,96.736862,96.727158,96.678589,97.049904,98.722481,97.048386,97.045425
cM44b,98.366806,99.990112,99.989075,99.994904,99.993538,98.977203,96.731537,99.991379,97.059196,97.052536,98.969025,100.0,99.032639,99.983345,99.984589,99.981537,98.993942,99.010384,99.140549,96.872749,96.802238,98.424896,98.460732,98.453247,99.003593,98.711548,98.433807,97.214096,99.032242,98.482018,97.255669,98.415443,97.108368,98.436325,96.838943,97.254471,98.471451,97.184006,96.793106,97.28228,97.250702,98.399323,98.437881,99.993073,98.448593,98.44194,96.836563,98.488342,98.868423,96.79496,99.073181,98.848038,97.248474,96.785851,99.115555,98.873154,96.800354,96.832954,98.853363,98.888557,98.865402,98.410431,99.138885,99.079636,97.241562,98.856964,96.796471,97.237946,96.731743,96.65686,99.955666,99.977402,98.41449,96.799255,98.421989,98.694138,99.038467,97.202606,98.454826,99.039703,99.985786,98.863297,99.062195,98.369164,97.240494,98.665916,98.416702,96.817261,96.842087,98.429535,98.399261,99.982979,99.061325,99.060287,99.040825,97.189514,97.182327,97.164879,98.705009,96.823227,97.175232,98.412979,97.167267,97.150078,97.148865,98.543533,99.006165,97.133179,98.423309,98.426773,98.414932,98.668579,98.979668,99.028,98.899834,98.410606,99.009796,98.981308,98.38652,98.41935,98.366531,99.05146,99.031311,99.110962,98.389862,98.440643,98.996475,98.444275,98.648949,97.164322,97.16227,97.163322,98.678284,97.17691,98.399368,98.367538,98.378639,98.356506,98.410568,97.151932,97.153107,97.179611,98.994446,98.428078,98.395844,98.394447,97.167091,98.381073,99.01413,98.378479,96.672867,98.369354,96.75827,96.748856,96.848976,97.149689,99.009262,97.151924,97.180191
cM59a,98.339584,99.042358,99.015533,98.996918,98.991226,99.187729,96.587448,98.997787,97.150284,97.1185,99.17482,99.032639,100.0,99.027985,99.032211,99.026276,99.182877,99.180244,99.379715,96.781906,96.619934,98.389137,98.386581,98.405235,99.903198,98.76265,98.416382,97.147125,99.911781,98.422806,97.211517,98.31633,97.16687,98.325302,96.762009,97.229843,98.400772,97.125603,96.68541,97.223465,97.219917,98.376022,98.384521,99.020035,98.419334,98.369011,96.70713,98.423737,99.295624,96.686195,98.808479,98.73909,97.227684,96.659088,99.370506,99.261864,96.6688,96.694305,99.284348,99.292404,99.258469,98.330139,99.378174,98.802193,97.197144,99.287209,96.702385,97.21904,96.683701,96.685211,99.015015,99.011459,98.313812,96.658768,98.307381,98.768211,99.856178,97.128998,98.396606,99.991745,99.031982,98.742905,99.192528,98.340363,97.146393,99.092178,98.384537,96.682571,96.688446,98.424294,98.394829,99.025414,99.158905,99.194168,98.901619,96.93721,97.021049,97.169418,99.072418,96.752052,97.14888,98.369797,97.214539,97.227303,97.133301,98.404572,99.458954,97.135422,98.381866,98.335854,98.307327,99.090683,99.469353,98.901443,98.886169,98.353943,99.187271,99.161926,98.353653,98.366379,98.366928,98.901672,98.881805,99.465698,98.31739,98.358841,98.865669,98.329163,99.095818,97.1418,97.134438,97.133026,99.053452,97.141327,98.336174,98.28067,98.30867,98.356407,98.360352,97.174507,97.123932,97.151176,99.442169,98.31279,98.28125,98.271149,97.148117,98.291565,98.852005,98.305466,96.797661,98.366745,96.717918,96.737343,96.703644,97.145477,98.86525,97.131729,97.159332
cM59b,98.382408,99.980492,99.970741,99.988739,99.985542,98.994926,96.765808,99.981369,97.059784,97.037193,98.986069,99.983345,99.027985,100.0,99.995125,99.974663,98.996613,99.00589,99.117653,96.835144,96.774338,98.414459,98.451263,98.454987,98.988876,98.698471,98.40963,97.259888,99.020836,98.454117,97.224846,98.393761,97.118492,98.421692,96.808479,97.22303,98.464706,97.208237,96.825897,97.257385,97.233994,98.396454,98.444962,99.989769,98.422737,98.438675,96.782242,98.475677,98.841492,96.810776,99.057648,98.82914,97.223389,96.801544,99.112976,98.88031,96.808899,96.84346,98.865768,98.872513,98.838745,98.422882,99.116158,99.088684,97.22316,98.857483,96.801498,97.223465,96.741577,96.676308,99.942162,99.963768,98.41539,96.822632,98.414764,98.695496,99.027039,97.206505,98.426338,98.999954,99.961533,98.809219,99.057251,98.367218,97.342361,98.670868,98.400665,96.797401,96.833405,98.415825,98.410278,99.95932,99.054031,99.102539,99.001732,97.084587,97.170609,97.18248,98.707977,96.819672,97.156937,98.426018,97.157845,97.25692,97.180557,98.521576,98.973938,97.142868,98.400383,98.412674,98.397293,98.635979,98.983551,99.006752,98.868698,98.441803,98.996613,99.015366,98.410675,98.431396,98.387344,99.020676,98.976952,99.113373,98.398026,98.454803,98.988876,98.418701,98.633118,97.18219,97.185097,97.177505,98.678894,97.191589,98.414238,98.370682,98.378174,98.344475,98.414932,97.15123,97.169952,97.183807,98.961914,98.402481,98.396515,98.362328,97.194916,98.371422,99.002319,98.40004,96.681641,98.350441,96.758865,96.773529,96.859856,97.181641,98.983002,97.141403,97.177048
cM5a,98.381325,99.989716,99.980423,99.990265,99.988815,98.917572,96.736618,99.98996,97.061569,97.044479,98.923172,99.984589,99.032211,99.995125,100.0,99.970932,98.932869,98.942955,99.111145,96.844597,96.758881,98.409248,98.454895,98.465317,99.017746,98.692596,98.399643,97.236176,99.023438,98.479706,97.208221,98.379715,97.121338,98.419983,96.821976,97.240021,98.472115,97.190994,96.804718,97.236877,97.245071,98.408539,98.435532,99.990273,98.425217,98.437241,96.780449,98.47995,98.83902,96.815964,99.036827,98.821503,97.202011,96.781845,99.103119,98.879471,96.800789,96.830719,98.848022,98.887253,98.847862,98.397415,99.1092,99.044632,97.224281,98.826263,96.778351,97.250298,96.672653,96.643341,99.961182,99.973038,98.403931,96.796799,98.388596,98.69278,99.023544,97.202126,98.409058,99.011429,99.97113,98.848755,99.019302,98.348175,97.350037,98.670746,98.397247,96.797607,96.834595,98.422714,98.38829,99.971054,99.044907,99.105629,98.991364,97.068481,97.187866,97.200775,98.696945,96.818359,97.164169,98.403381,97.167999,97.266281,97.18042,98.528336,98.990036,97.147507,98.395851,98.391891,98.394615,98.637451,98.976959,98.974785,98.87767,98.421959,98.966286,98.966225,98.37616,98.433273,98.378922,98.985855,98.940163,99.078758,98.368217,98.447815,98.964401,98.406998,98.651146,97.181618,97.187134,97.191666,98.669067,97.192589,98.380737,98.378487,98.351456,98.351486,98.404114,97.165329,97.168617,97.189941,98.963104,98.390656,98.39064,98.374718,97.193275,98.384354,98.981804,98.373878,96.637589,98.34124,96.715515,96.739944,96.853775,97.168472,98.976204,97.152298,97.173843
cM7b,98.344116,99.971855,99.993813,99.980919,99.982239,98.972305,96.709785,99.97673,97.07338,97.074783,98.978088,99.981537,99.026276,99.974663,99.970932,100.0,98.993156,99.007919,99.126587,96.86644,96.822266,98.434753,98.477829,98.47065,99.006729,98.696777,98.430176,97.219215,99.026672,98.495651,97.247986,98.392151,97.107422,98.405785,96.807541,97.254997,98.489822,97.182724,96.755394,97.284592,97.267479,98.428101,98.391434,99.984283,98.442062,98.410347,96.801575,98.453201,98.856071,96.77993,99.051208,98.835754,97.244713,96.799713,99.094223,98.869431,96.821289,96.820953,98.838699,98.877426,98.862206,98.368904,99.104462,99.049522,97.243683,98.868645,96.762207,97.254623,96.710388,96.6492,99.921402,99.952171,98.387817,96.754372,98.393463,98.731186,99.02681,97.251045,98.393204,99.031967,99.968117,98.840363,99.051712,98.410538,97.248138,98.681671,98.398804,96.788101,96.821579,98.415527,98.378494,99.963898,99.063446,99.075058,99.048874,97.184158,97.165054,97.170296,98.69046,96.812958,97.1707,98.416801,97.160019,97.155861,97.138107,98.514938,98.951866,97.138412,98.244186,98.408218,98.376808,98.677032,98.945717,99.059471,98.922104,98.403442,98.987106,98.993149,98.394913,98.410797,98.371902,99.05954,99.063347,99.088394,98.396011,98.446579,99.04567,98.3918,98.6436,97.157616,97.156265,97.166321,98.666962,97.157822,98.371475,98.365234,98.37616,98.38446,98.399872,97.147171,97.167526,97.152557,98.973526,98.398895,98.38887,98.393318,97.148071,98.399033,99.030121,98.374405,96.72435,98.380226,96.72393,96.738762,96.862686,97.136215,99.024612,97.152634,97.15284
cM8a,98.268356,98.997902,98.998032,98.961182,98.982346,99.99649,96.53257,98.965988,97.048615,97.069321,99.991241,98.993942,99.182877,98.996613,98.932869,98.993156,100.0,99.997192,99.148483,96.802635,96.711327,98.304001,98.228775,98.204285,99.166931,98.635719,98.311768,97.128494,99.137543,98.278908,96.99971,98.195816,97.012756,98.14521,96.774597,97.030624,98.217255,97.126976,96.662766,97.031494,97.009155,98.271774,98.274185,98.984207,98.291977,98.290726,96.706528,98.25795,98.882736,96.736496,98.566734,98.470551,97.05101,96.670181,99.121544,98.836967,96.686035,96.73439,98.839066,98.823753,98.822258,98.195831,99.124451,98.646317,97.031082,98.89827,96.634338,97.043251,96.652512,96.661423,98.969452,98.965881,98.184326,96.659218,98.233734,98.604637,99.200195,97.016464,98.270508,99.207108,99.012375,98.728317,99.120125,98.186646,97.10482,98.81926,98.274887,96.751358,96.728722,98.277191,98.25338,99.007294,99.112854,99.127892,98.732407,96.750168,96.854614,97.033409,98.70018,96.784592,97.074615,98.251671,97.09449,97.122902,97.039368,98.359062,99.063591,97.049347,98.278877,98.142998,98.171799,98.614357,99.073494,98.708931,98.750221,98.241165,99.997826,99.996933,98.250641,98.240387,98.268829,98.701813,98.709267,99.412903,98.167313,98.121307,98.655182,98.172012,98.77607,97.042007,97.041595,97.049393,98.766808,97.04789,98.145515,98.17868,98.159439,98.336899,98.262428,97.037697,97.052002,97.025497,99.025513,98.152878,98.168228,98.191406,97.038406,98.143318,98.707581,98.148643,96.760941,98.331039,96.743362,96.727737,96.712433,97.018036,98.70195,97.022247,97.045349
cM9b,98.238235,99.010437,99.005798,98.957901,99.003105,99.993797,96.52948,98.988266,97.036575,97.06974,99.996056,99.010384,99.180244,99.00589,98.942955,99.007919,99.997192,100.0,99.156754,96.767578,96.649612,98.261452,98.228394,98.216286,99.18222,98.646568,98.281952,97.115234,99.154373,98.272797,97.003326,98.165115,97.020477,98.115128,96.739502,97.023621,98.209045,97.111389,96.641296,97.026825,97.030327,98.271545,98.275124,98.981697,98.275078,98.271057,96.697411,98.26265,98.885696,96.711899,98.557144,98.501175,97.045197,96.668594,99.088989,98.819977,96.699707,96.686844,98.836212,98.817093,98.801041,98.17572,99.105453,98.645226,97.0438,98.919418,96.63031,97.034058,96.668289,96.670837,98.979805,98.972977,98.160706,96.646973,98.220306,98.629852,99.189072,97.006134,98.253906,99.170715,98.976608,98.731506,99.119652,98.19223,97.101624,98.816872,98.288773,96.725449,96.726868,98.244049,98.232964,99.004791,99.155388,99.150375,98.749298,96.729111,96.866135,97.016998,98.717224,96.755432,97.021568,98.200562,97.056747,97.147675,97.011688,98.380791,99.07679,97.031158,98.260117,98.128204,98.118317,98.619873,99.089066,98.71785,98.729988,98.21524,99.990204,99.990044,98.225403,98.214661,98.220886,98.72039,98.741928,99.395279,98.141174,98.117638,98.668602,98.147873,98.748383,97.019196,97.011688,97.024155,98.736572,97.013123,98.142067,98.14489,98.132156,98.308823,98.223709,97.03949,97.009254,96.997612,99.019531,98.126816,98.154907,98.157608,97.002151,98.123215,98.736496,98.128448,96.746719,98.3088,96.708145,96.706177,96.696564,97.016586,98.691948,97.00795,97.015137
cS100a,98.458817,99.14978,99.125107,99.082085,99.107208,99.163475,96.689728,99.088928,97.062851,97.076141,99.136169,99.140549,99.379715,99.117653,99.111145,99.126587,99.148483,99.156754,100.0,96.790199,96.750641,98.417465,98.347702,98.338303,99.340813,98.70079,98.426834,97.188179,99.387741,98.368011,97.16716,98.256424,97.124329,98.257416,96.812073,97.164803,98.347328,97.18586,96.83577,97.158325,97.163521,98.394722,98.396645,99.107208,98.417938,98.415573,96.844818,98.426422,99.231659,96.810799,98.792099,98.712982,97.178993,96.750824,99.996475,99.219749,96.779694,96.754395,99.221237,99.200211,99.200867,98.244423,99.997292,98.796753,97.150444,99.223305,96.846085,97.206543,96.710274,96.831039,99.118881,99.143204,98.240036,96.838493,98.209869,98.682762,99.403229,97.147758,98.338181,99.370659,99.074158,98.851471,99.266655,98.161316,97.099518,99.055069,98.404419,96.828247,96.859688,98.34108,98.348434,99.119003,99.268539,99.25811,98.911285,97.029144,96.999641,97.134651,99.028427,96.77137,97.113403,98.336609,97.216957,97.13475,97.042099,98.418365,99.24823,97.085312,98.344543,98.249023,98.218674,99.07312,99.25502,98.912582,98.924286,98.373207,99.188148,99.181717,98.370651,98.37899,98.37439,98.908234,98.926453,99.469955,98.374092,98.289627,98.914825,98.194107,99.00058,97.073669,97.074371,97.08947,99.008392,97.11367,98.231369,98.377045,98.342514,98.363327,98.357574,97.122009,97.106468,97.099655,99.23111,98.263748,98.373428,98.363785,97.051544,98.379486,98.876862,98.349327,96.764832,98.387314,96.879425,96.857193,96.781143,97.070816,98.914307,97.08432,97.05838
cS103a,96.858383,96.827614,96.830338,96.822906,96.846283,96.747986,98.390289,96.84166,97.273422,97.278152,96.7575,96.872749,96.781906,96.835144,96.844597,96.86644,96.802635,96.767578,96.790199,100.0,99.788803,96.772972,96.759171,96.794739,96.680801,96.680664,96.790131,97.197289,96.682243,96.775574,96.909424,96.721375,96.757759,96.736465,99.98909,96.889847,96.79174,97.161301,99.360794,96.874565,96.907143,96.782623,96.728729,96.839661,96.73938,96.740524,99.429718,96.740089,96.789917,99.417076,96.553223,96.609543,96.881226,99.783829,96.749374,96.757812,99.751122,99.78727,96.777954,96.778252,96.747047,96.703781,96.777496,96.643845,96.87207,96.769073,99.343681,96.925827,98.312393,99.452942,96.865433,96.853348,96.727859,99.360397,96.717201,96.656235,96.743042,96.84288,96.755844,96.734207,96.847321,96.723221,96.793121,96.715912,97.150085,96.742493,96.763168,99.4356,99.438866,96.750404,96.765091,96.860275,96.790634,96.764923,96.857903,96.527397,97.040283,96.713669,96.684952,99.978958,96.704582,96.737434,97.257301,96.819641,96.705246,96.80661,96.643257,96.709503,96.691589,96.711418,96.677841,96.696388,96.656036,96.864868,96.815582,96.732178,96.755432,96.784546,96.719055,96.712219,96.720428,96.820312,96.847801,96.725838,96.720123,96.668457,96.845306,96.672493,96.806038,96.709961,96.734123,96.703613,96.716751,96.708038,96.647705,96.722481,96.747482,96.800339,96.731232,96.705322,96.705597,96.718773,96.623825,96.691872,96.766022,96.726448,96.68129,96.774055,96.848297,96.738091,99.903114,96.830589,99.385422,99.368332,99.787331,96.723557,96.809525,96.701462,96.713898
cS104a,96.814896,96.779434,96.751289,96.777275,96.775955,96.698997,98.325455,96.762009,97.225082,97.255554,96.656029,96.802238,96.619934,96.774338,96.758881,96.822266,96.711327,96.649612,96.750641,99.788803,100.0,96.705231,96.738892,96.738068,96.621796,96.632477,96.728127,97.186447,96.649986,96.742523,96.830597,96.645332,96.744186,96.643188,99.767921,96.877243,96.755341,97.087074,99.439087,96.840714,96.850235,96.751297,96.745964,96.785568,96.7332,96.740265,99.397339,96.693527,96.751297,99.43782,96.552155,96.629669,96.860397,99.992325,96.698502,96.723175,99.99115,99.989899,96.728378,96.728058,96.703247,96.6521,96.705826,96.634644,96.774879,96.726562,99.440704,96.861084,98.290901,99.454071,96.662125,96.740761,96.650055,99.443573,96.647316,96.625793,96.722496,96.796173,96.733421,96.67408,96.797447,96.719604,96.803551,96.628555,97.103958,96.797058,96.738403,99.461212,99.461098,96.713745,96.732819,96.812805,96.754082,96.758392,96.837128,96.552879,97.075882,96.653122,96.699318,99.775345,96.638145,96.75016,97.187286,96.763733,96.659332,96.747192,96.594986,96.65593,96.65741,96.632248,96.612595,96.70739,96.611046,96.808029,96.789246,96.694031,96.704239,96.700645,96.679306,96.657249,96.652039,96.832413,96.781906,96.741409,96.711121,96.693443,96.801193,96.639557,96.719017,96.663528,96.646492,96.638634,96.710152,96.671234,96.626221,96.704376,96.729767,96.754425,96.679459,96.653091,96.666512,96.66571,96.583115,96.6698,96.740936,96.730255,96.62294,96.729752,96.788544,96.675674,99.792114,96.762985,99.424644,99.424294,99.98938,96.678452,96.7836,96.675201,96.624405
cS107a,99.499924,98.418304,98.456253,98.414101,98.439575,98.271339,96.644653,98.430664,97.066566,97.100311,98.283966,98.424896,98.389137,98.414459,98.409248,98.434753,98.304001,98.261452,98.417465,96.772972,96.705231,100.0,99.046135,99.055496,98.422058,98.363762,99.993973,97.238739,98.416977,99.044357,97.257874,99.004776,97.104881,99.017044,96.748672,97.248749,99.047577,97.197113,96.67659,97.230309,97.263214,99.96315,99.983337,98.42038,99.983429,99.984222,96.684204,98.994873,98.477325,96.704781,98.208359,98.341858,97.233719,96.757034,98.360748,98.470535,96.762711,96.751465,98.453735,98.458206,98.506668,99.024139,98.391106,98.239937,97.250305,98.465881,96.635323,97.253723,96.704559,96.643654,98.425262,98.428558,99.005966,96.65567,98.988571,98.388611,98.426422,97.238831,99.979126,98.398193,98.400589,98.422836,98.421005,98.927612,97.229225,98.192093,99.978256,96.731339,96.725952,99.974907,99.971512,98.395981,98.407059,98.415604,98.33168,97.01265,97.055611,97.085587,98.21312,96.7229,97.104584,99.002731,97.115219,97.199036,97.078125,99.08461,98.301018,97.087326,99.045097,99.013222,99.00679,98.219223,98.296089,98.336197,98.33905,99.061722,98.300018,98.276749,99.047546,99.056519,99.063858,98.324036,98.316673,98.372849,99.46331,99.036804,98.355255,99.001801,98.186096,97.09613,97.10376,97.07579,98.186737,97.098373,99.02459,99.471252,99.467896,99.494476,99.065887,97.080582,97.116333,97.080917,98.265518,99.004448,99.485001,99.477844,97.110626,99.454971,98.348892,99.468292,96.729828,99.493118,96.683411,96.673004,96.759918,97.125946,98.334518,97.08548,97.095047
cS108a,98.991058,98.472687,98.476746,98.418533,98.46907,98.232964,96.748604,98.466553,97.088257,97.119629,98.270729,98.460732,98.386581,98.451263,98.454895,98.477829,98.228775,98.228394,98.347702,96.759171,96.738892,99.046135,100.0,99.999069,98.383652,98.400505,99.068802,97.234283,98.389862,99.997604,97.262115,98.99794,97.218185,98.983917,96.741333,97.209572,99.999039,97.206985,96.712906,97.246338,97.222855,99.050087,99.064941,98.452713,99.070198,99.085426,96.723709,98.957245,98.554375,96.763504,98.22049,98.238571,97.263,96.715637,98.321487,98.545792,96.720772,96.708923,98.515533,98.53289,98.531815,99.015762,98.369385,98.248955,97.246284,98.548889,96.719849,97.21489,96.66362,96.681961,98.476868,98.473206,99.026154,96.714333,99.015236,98.385788,98.344833,97.226074,99.05687,98.393387,98.451141,98.38839,98.430176,98.990982,97.205811,98.145233,99.068817,96.749733,96.754456,99.059982,99.049713,98.457809,98.422516,98.415436,98.341881,97.073212,97.034286,97.221588,98.144302,96.742729,97.154709,99.018448,97.186966,97.250099,97.146042,99.085106,98.316826,97.165482,98.981506,98.978745,98.999756,98.076714,98.312843,98.319031,98.321716,99.615295,98.294083,98.216431,99.591614,99.609161,99.613998,98.348953,98.32431,98.415512,98.959198,99.905792,98.285339,98.978691,98.118057,97.196396,97.200516,97.181259,98.141235,97.178802,99.010315,98.937675,98.944458,99.045921,99.615128,97.184532,97.213348,97.193909,98.279434,98.995102,98.957428,98.981293,97.140686,98.929474,98.325089,98.954254,96.730865,99.038689,96.758408,96.76619,96.764023,97.154831,98.31105,97.212944,97.143616
cS109a,98.984207,98.46225,98.466827,98.418961,98.466927,98.219437,96.713013,98.455475,97.079544,97.107109,98.254967,98.453247,98.405235,98.454987,98.465317,98.47065,98.204285,98.216286,98.338303,96.794739,96.738068,99.055496,99.999069,100.0,98.38987,98.368301,99.078804,97.223648,98.375801,99.995834,97.22908,98.992035,97.207108,98.97052,96.766426,97.186913,99.9991,97.188858,96.747208,97.240662,97.200676,99.073944,99.086006,98.454971,99.073746,99.08741,96.755951,98.973297,98.554581,96.775742,98.240479,98.243484,97.252243,96.744652,98.314285,98.543015,96.738037,96.721451,98.529564,98.529953,98.528564,98.999779,98.356873,98.252487,97.209625,98.558907,96.74041,97.201813,96.628235,96.703003,98.458878,98.462631,99.015594,96.746262,98.991501,98.381744,98.362244,97.220016,99.0634,98.386337,98.461639,98.414642,98.438202,99.005653,97.227097,98.153984,99.078941,96.75824,96.752563,99.059158,99.060959,98.446991,98.394241,98.427704,98.312462,97.104813,97.004135,97.198013,98.165634,96.743729,97.146149,99.034561,97.172226,97.263,97.138069,99.085876,98.309135,97.134247,99.00383,98.966827,98.989059,98.09214,98.30687,98.300949,98.303535,99.587357,98.266403,98.188087,99.584274,99.59462,99.601845,98.313126,98.322784,98.430893,98.985939,99.908066,98.288795,98.960678,98.125595,97.175461,97.19281,97.160187,98.154419,97.165802,99.006134,98.958488,98.965416,99.059341,99.594894,97.167114,97.167252,97.201843,98.250786,98.98587,98.956055,98.982903,97.140411,98.94072,98.310318,98.939789,96.760345,99.045532,96.784241,96.776901,96.761307,97.160324,98.282974,97.177025,97.130295
